44123
18
49961
20945
43796
40219
3610
28072
49073
19527
29187
8756
33963
32650
16473
16992
48554
44910
41597
3021
5604
6903
37388
21103
24828
23911
48042
12041
48463
47262
25883
22009
27770
17233
17155
45662
25805
4690
31519
6837
35968
5767
33226
2401
22344
12808
42044
30609
8539
38934
33176
30017
1876
36393
14288
11197
21755
2253
18268
47500
41288
3688
24802
36533
23786
14845
29617
4742
40793
25168
5079
33035
17355
31297
22573
5035
49366
1184
44250
16706
20415
48587
18880
13535
19368
23298
21465
47607
25291
7408
12127
34251
1520
48627
16282
27153
9738
20288
27566
5668
12167
47807
27846
17591
24719
47948
38722
19843
33882
10948
11631
10820
10811
21090
35413
38801
44639
20442
44788
44735
22391
26439
36326
15201
19209
2208
24525
13519
3571
11843
27972
8501
45674
14743
29959
378
13265
37839
15344
40527
49719
43542
43175
18512
1480
19283
47019
45223
31132
38395
20358
7348
19904
35059
8888
8090
32476
34676
46537
48722
22838
36222
44588
1665
27167
22999
9133
34713
8226
17788
47816
20242
14364
23458
20669
8703
12305
47306
1722
5240
30829
10513
14639
15808
8781
15858
14362
12955
48294
21974
4751
28853
19740
30100
6288
44624
42966
43701
17911
6384
45953
31546
45173
19685
5678
6018
6759
18562
47774
15701
37028
47547
22674
45526
15510
33553
11423
43916
2318
8633
33717
37021
18509
6502
7727
6112
36201
7168
28650
17327
31211
39860
20734
16904
47074
40926
34100
41249
35119
25320
49761
13433
42477
16169
47854
8991
38067
36995
44983
41667
14816
27250
49542
48834
35364
23396
20141
15011
34733
19320
7327
15553
47001
41012
43183
25457
129
48081
40655
27225
35166
32950
19765
7255
31816
34008
2089
36072
41916
36122
28654
1468
10483
17650
13326
49472
13412
42863
49729
12679
7350
17336
43274
23616
40347
8352
47563
9476
4430
23242
41924
47459
20316
25709
30832
17487
40315
18712
45741
4368
24963
4202
18707
16516
25407
40006
40470
46476
17217
29247
37251
8357
46076
11352
22980
21102
8499
37936
21783
3564
12144
34080
14931
10491
38374
23853
32206
20545
41539
37792
13463
16880
36313
41391
6614
38294
48233
37505
13776
40707
42118
2591
46510
26103
32407
12109
7859
12166
4595
1483
30076
26235
24382
30018
40563
3993
5515
22561
11315
11506
20549
30152
42043
5467
31470
3595
5202
19469
7279
11225
21234
35450
33582
17851
32376
141
21275
25569
21787
40897
45873
23744
2674
14530
23867
43517
2434
44386
19637
10055
39929
15680
18039
3409
44467
35746
20753
5792
26369
18586
33173
7566
45393
35490
4203
21541
6256
3843
6714
6987
47793
2129
36017
11591
22010
38480
34485
9281
16300
32614
30424
10286
28641
19254
33210
39020
29194
9665
37058
48461
12999
31396
37342
1924
36310
36674
39500
40959
4299
31290
8596
1072
34146
33618
22660
43813
46084
27362
26419
19796
29756
46312
42019
18804
5718
31751
20963
42550
25949
11752
47979
3264
3327
6190
45339
28154
19716
36910
29300
31242
17794
9141
1743
12053
17455
35006
42358
44263
49979
9211
6823
42211
33670
43804
14528
12343
17134
16662
22076
26501
41776
14700
39269
3083
33165
9097
1133
31545
37905
30120
27423
4129
21938
31585
17997
11851
21853
43394
2187
41424
10508
44567
20474
16883
2250
26775
390
32574
39308
47124
19441
35224
15394
9701
4311
19533
13421
37467
19243
49348
47787
19625
13812
37354
49843
10877
34838
44977
16976
49675
43859
33192
48525
7671
40892
32925
47892
36575
46467
39635
10782
25150
49967
12519
24616
13031
41188
37676
21570
27650
17392
9067
38561
47653
7171
42629
39933
1623
26181
20834
26623
15305
22839
24129
33013
468
23340
14024
35800
41980
36341
10768
44766
19067
34967
42774
26944
23092
30513
26822
46683
22366
25572
11954
18501
30333
6770
24141
8737
41541
41460
39144
13820
31488
17010
45964
15215
9383
49236
44831
19480
1679
9118
14214
49634
2919
36480
3421
19025
15824
13616
10765
13647
29954
26253
8949
40846
39837
41004
20876
46065
1254
49181
6938
40568
15939
14431
15413
39740
41490
25259
25781
778
42132
44601
30578
48074
8099
49793
39400
27768
10759
34324
16534
40440
23028
43953
38138
4148
11090
5436
47469
3010
20112
20266
14912
24418
7039
16805
39397
36169
44730
36124
46258
43746
29516
7499
13483
717
39428
946
6334
46740
9963
16124
12898
46364
17743
12198
14490
32591
5482
49200
48789
30553
42512
26219
27571
36158
12207
46754
28144
7180
21471
27538
14374
7287
43034
47659
18809
33724
31997
31409
27805
48626
24509
29119
26839
18189
19530
26662
48788
19035
7873
29367
34186
49324
24492
39379
11152
2802
45535
8144
25966
39484
32598
43554
35795
35616
14074
38903
45477
18951
31164
40059
31200
5009
25141
39422
42188
45597
28728
26625
26661
7937
14381
44094
36946
17669
29208
2148
14149
48391
3627
30574
19804
1
36140
33408
44741
39075
5325
41962
28011
9159
22034
14292
5889
13632
21501
2409
23525
37555
27772
13614
18846
20445
24687
34167
4460
18041
11112
21646
40773
46156
19503
36368
12378
25929
47933
34314
30743
18116
36228
27232
42735
34215
27643
48896
17815
30082
3512
17445
11831
20962
5571
16580
32562
9999
17146
35937
18130
3382
3452
16145
44135
33043
14065
36191
38289
27774
40938
40713
44805
12641
23071
40390
13037
45583
41287
36685
23527
32563
14319
38600
18864
9760
3279
12506
3199
8644
18834
24876
16950
48625
36048
16035
22140
14888
35727
33168
13058
22917
35888
34632
17376
18977
40113
18551
41087
1183
28079
10057
11429
4991
14211
22867
4850
44218
35018
34465
30161
2914
17506
30744
10645
32701
40939
31232
44073
44012
21752
35678
28329
35057
12008
36734
1706
26927
38581
22922
3689
37305
26988
17027
24748
7520
7188
23170
15428
4114
17990
15799
44352
33755
48129
31521
3729
36729
13577
32278
9296
249
25972
25722
14610
19247
38043
27366
27138
31382
22549
22448
32342
43356
8552
8158
43636
5036
8484
27132
12839
42231
46363
12012
4252
33036
47265
41804
34774
14022
1325
44156
6103
10176
34617
32455
17089
36684
38106
5012
11444
2022
16631
41142
37941
37998
47985
31138
10478
7268
425
7515
26306
38030
2495
6937
24640
42764
11379
11267
39696
37708
19885
6493
15101
9715
46694
21739
38990
5380
16480
45811
8848
23487
32665
32229
28264
20067
5844
20589
8196
29188
38284
34818
10433
22797
33969
31319
35884
32178
44897
1393
8935
36823
17086
1348
21335
2969
25522
24139
48137
24899
29178
91
34089
28257
39988
48794
8894
6659
43003
23727
1764
24375
31746
31457
40416
9220
14138
46579
27710
13090
21962
34475
46231
21650
46572
19871
43665
29939
25249
10091
21726
13655
49347
33935
22233
6114
4925
19964
34729
48468
47878
21696
11955
21010
48740
46475
44608
32103
43473
16740
34982
9107
9609
12132
42012
44271
27895
35482
9298
10800
23273
6449
17308
46780
39802
14934
28789
9271
27049
37153
39947
5457
4465
34909
39474
17675
47378
13443
6312
41067
16767
2811
25884
34349
45383
6143
44070
49404
7831
46137
47065
10723
46596
23163
16513
21418
42742
17536
11783
24344
32128
14027
48374
14386
37633
36008
25270
15427
36541
6003
32498
40881
28646
29928
36003
31671
8277
10157
27060
15677
39271
13821
19056
8408
8065
31931
31375
13445
30350
21623
31702
39655
17538
15271
38861
48610
38360
35241
41601
13474
18789
48236
47754
40048
47781
35240
44502
46538
40320
46995
1868
42332
4588
37987
32658
18097
36298
19602
2424
38449
19289
36218
8014
37230
2663
42066
6751
1181
49878
10484
28839
6838
7273
9173
7154
7782
1240
6136
772
30579
44455
12583
728
44871
39443
520
24550
44926
20671
11539
3756
24923
45954
22841
8612
15667
30385
3419
8398
40436
47277
38923
44376
31703
35349
32389
23806
21892
42551
7256
37902
45238
39446
9144
39292
4449
4247
7414
39709
4943
7842
12339
38068
46813
41401
1179
9019
9406
43816
49138
41840
20630
13738
13057
15768
8592
39359
26085
29778
15813
5552
15338
49194
33908
838
48419
38430
15682
8022
45234
10306
2335
5050
34016
2134
25520
26424
8402
20214
7833
8731
1955
9564
2748
12001
24662
16876
36520
7437
12484
48109
37850
19204
8063
40365
25793
8715
49771
33654
19414
49112
39042
35191
8396
29156
48335
18069
8927
4791
43907
15351
20359
5650
49280
36000
16271
19478
8194
28299
29165
41747
10653
19589
9882
19907
41103
18416
21545
30412
1775
16264
2842
43918
11439
45635
38724
3134
19818
37581
46892
22302
12623
29936
27681
7130
31133
40197
44345
15464
20073
44579
32312
7887
12226
7321
49930
18614
40593
18053
25348
37901
11246
21592
26133
28628
44404
11002
8153
33898
41708
49244
2044
28414
21024
47082
6457
40613
45242
23218
43235
44898
17985
331
12586
39765
10919
19270
42965
29850
27938
13468
48067
14950
26193
23362
33356
49456
34593
29732
32364
42848
35099
11803
40991
8442
41628
147
23963
16573
5334
13173
24946
44074
44585
41761
139
1843
18373
25048
23593
14676
7066
11596
15704
35627
44044
43315
45160
1269
14670
40783
6860
41781
32391
17949
10201
49985
29819
43162
15034
22167
41981
4515
13230
16330
18549
10148
2314
26011
28808
43733
19188
24125
4505
40535
5037
17197
48388
1369
8415
49195
8766
45733
6650
23077
16612
48416
20965
14617
15087
34263
21289
49860
33495
1028
20570
44617
42973
63
14345
47660
20771
27979
13054
5815
26302
31296
42139
10269
16221
24980
5342
15385
4954
35973
40542
8937
29586
24868
30567
23973
37507
41522
46846
6053
13190
8081
24198
4983
12538
7211
41687
19612
16201
30910
34188
48556
4546
32855
42261
43625
46007
26677
45856
46839
3650
43689
43117
17930
16042
37036
6527
33525
14693
12125
38989
6985
12458
5632
30759
2610
4235
35923
3718
4103
36101
5150
4563
17803
7329
1201
47770
35846
10956
1768
25425
17615
17317
507
40057
5207
32231
23403
36084
22362
43708
35434
26376
28666
6372
47530
26003
2073
15800
8406
13419
46602
12501
30700
44269
17598
951
37432
9043
5888
27778
22327
19576
31831
18663
13990
32912
30761
38817
30742
49630
36389
25455
49976
32770
12768
20215
31661
47893
22557
1566
27379
5481
35272
12946
37999
13196
5357
5802
22963
24576
26330
2604
24324
48001
29478
34141
7876
18791
45299
37739
35247
45365
9710
12295
31666
28191
4669
37786
49730
23802
2397
9690
9044
3715
22962
41140
39182
32234
27871
35041
14812
26593
28275
21502
48006
41159
43091
45268
13202
15207
3876
36904
35797
30288
15324
20686
10881
626
25368
4489
16839
4747
20932
30178
40374
36495
26600
168
1914
44850
25561
34495
38612
8799
328
21940
31032
5048
48866
46554
30388
19824
9596
10626
19505
6935
42777
10177
15311
3330
36
3365
10714
39843
11659
13984
15896
11411
20689
10065
5596
357
37079
2151
3917
31999
47217
9811
26746
5175
30986
37527
23068
3623
43304
40589
27229
13193
12254
16182
15845
25458
2020
1586
19302
871
8310
37851
42686
29120
47202
29308
21485
47161
46387
42533
8147
32114
44574
12170
29668
35889
23111
14566
37587
32707
27779
26406
31332
15530
21163
34654
38578
15758
25895
790
45753
25965
29854
29985
38452
26722
26685
39525
18725
2910
39311
23907
45859
16372
31864
31910
26328
42339
40178
47396
33866
31670
24011
16900
13930
23382
33500
40398
43081
18145
5100
4770
49422
26931
2119
14609
14998
46028
20569
33480
3795
18257
42279
15670
49990
21951
23024
39641
30960
16849
16563
13407
29369
20955
29024
7716
25417
30766
3601
6466
30694
14238
14632
8440
43936
46503
3872
40297
26139
29312
23089
36029
17374
21804
12515
12329
3356
42732
45502
35055
31830
18963
28587
23296
44092
28248
20740
1884
40218
24816
48979
2799
10218
29508
47874
45395
9040
11505
41325
33198
9849
12746
31743
12171
31056
43023
5443
34240
8508
36485
44309
14147
6458
11956
28216
28562
20120
7666
30751
28495
44020
30982
17823
45372
23123
18673
22137
15439
43721
36768
48699
27874
48542
12872
34870
29703
24481
49423
37237
29302
28101
21686
7861
39206
38975
15974
28236
41692
18316
43014
28160
24307
31539
35932
39601
42486
7608
38405
23251
48300
5809
40731
2040
25696
18525
42786
11640
11488
2136
15605
48143
9703
43129
45122
19649
5700
20353
15045
15532
38473
26076
39468
10625
20203
4702
37026
24845
14137
19998
31953
49081
49649
30287
46643
22687
31357
13274
43155
11666
37567
31174
16462
1098
31581
36539
17338
37784
1484
20637
46114
43049
36614
43740
36376
31001
23866
13305
11239
32094
39175
39193
41051
12095
30375
11556
39127
12741
22021
44867
40035
1223
15262
17763
33960
43422
10912
19483
8732
30054
14304
38754
49621
9002
20592
43094
27080
17832
32105
28904
9914
39705
46027
939
3575
3341
14960
11407
21525
17139
19388
1186
24122
5690
2238
13425
47569
36730
38389
17184
79
42835
31628
655
33399
12376
11797
2800
21342
40515
5884
3501
20464
19783
26986
12841
1905
45121
26100
223
10686
39507
5023
31917
41689
31508
45557
37877
30839
131
1054
48906
16475
20692
7054
48494
32906
24167
48145
9273
24690
48480
11076
9587
5492
16721
45192
6129
40274
13310
3089
42449
11389
23402
17108
8142
29825
31537
21885
43395
6269
26267
32847
6541
17104
29152
21121
31347
46933
32267
25340
19948
46840
29017
10517
42091
39769
41496
39741
41061
36528
14684
31277
3092
46735
48030
34519
46348
48534
13976
41681
19471
13692
34219
27383
1815
9658
32542
43257
36868
16160
24309
30367
16779
32552
47631
43737
12963
35371
39828
21085
181
28883
1241
19379
17774
21134
21784
33407
29557
5130
1733
36388
43300
30477
7537
26252
3348
38591
47764
2099
18313
23430
9625
839
16317
7594
8717
46056
19439
21552
21765
40554
23623
23887
49656
1516
45304
35936
39502
49844
10665
7490
32940
35931
30374
24021
21749
23949
3606
26189
12941
48733
62
34719
40744
27499
11204
15615
32373
15239
29621
14662
44062
9841
17507
29101
38308
13327
41171
27618
35290
3288
14409
43054
4234
26294
36088
20167
9158
46581
33273
35994
46523
22871
11332
9522
38957
24882
34292
4817
42237
39469
24135
15138
18594
44434
16986
47937
42115
3339
44679
11261
3904
26005
12525
3318
48353
3374
14887
15689
45081
24911
2664
35031
48254
15217
30737
5944
48607
1703
5836
42068
44963
46284
35257
8632
27698
48196
35172
27124
5485
18191
36098
25616
10140
39712
17125
14041
11069
15094
4456
27932
6814
49494
45179
46663
47518
35841
35785
12532
29988
47865
33009
5038
33678
36524
42614
22328
30826
43096
9856
33561
30564
40383
22828
5204
33250
29134
48420
43988
31326
8296
36314
33006
44854
37801
18367
2928
49428
28648
42257
22613
16677
31218
18721
42613
7792
3402
23155
17866
39546
37260
18611
41163
34986
40662
10801
74
1619
8787
5602
18758
25004
8923
16827
18989
4008
35
48370
25762
77
26538
3418
39045
41185
12874
32397
10556
22338
39921
41361
10994
34906
40301
44508
27189
30002
24252
6419
47009
1194
16781
40727
11288
21065
44407
17719
15122
45879
26200
1798
18072
18608
21389
2232
26280
3285
44777
37114
28780
37714
35788
28796
31855
222
47989
28538
32979
19349
17505
14475
20218
14573
31111
47628
4168
41038
26074
44573
26248
40692
37252
44896
27958
30514
11615
32013
28226
11062
42287
24822
43216
30635
22143
7366
36862
7222
30945
4409
19007
19809
35176
26463
35895
27688
43336
24886
39751
24490
1988
45810
24305
24062
29099
19982
19310
5024
21865
39885
23260
29718
11748
28049
8821
8760
21880
42862
30857
40441
22161
11316
34230
16408
3976
1487
43286
8430
9437
3041
6648
8273
13397
2132
16864
819
111
491
24549
43214
26728
29786
43308
36600
31937
30053
20709
6536
32818
1082
45689
20417
17299
10745
36317
15275
17605
6008
22745
20868
34358
34154
6801
38073
31769
4079
7491
6259
23965
1056
21526
6089
48487
45721
43549
32703
13935
27207
8973
552
26204
30556
4799
47665
35480
29796
33418
34011
39534
47427
43791
23792
46179
36786
21244
9073
19741
33336
23628
22731
35832
13139
29729
49454
8305
13782
17008
31381
12146
40411
25442
44659
22926
31283
22363
16078
8182
38615
47869
38022
11987
27709
44774
11726
25205
47922
6885
28911
39410
25880
42908
3937
35229
29787
45596
35220
15222
1811
42337
45680
16935
30467
44965
10402
13600
36354
38236
34751
31593
37741
18750
6639
7621
49807
19659
21187
1860
35765
5434
47528
19688
41905
37405
29609
27052
18850
43578
39821
17275
15318
16776
37702
40005
43083
10126
45273
8947
5015
21988
25106
44570
20968
26258
1146
12035
38503
11029
29053
34539
25641
4248
39050
27843
1356
6609
2170
49680
14879
46499
7152
36011
35852
33702
1354
37422
37137
31958
11252
1976
47343
31310
30095
13063
42520
22742
16978
6147
22896
31250
35621
2513
28620
13248
37836
19566
47730
45211
9632
17970
19268
13300
32207
34953
21052
37848
41053
40873
2445
46868
27756
29735
40740
22311
19010
7109
24649
16753
34372
45980
27890
47228
19782
2709
9740
3061
2930
46988
18652
48805
21874
5346
49573
23749
7382
10716
25123
39884
28360
14039
3468
32583
28815
5184
21911
44247
39499
14075
45692
6649
23159
14822
33946
37749
15025
14210
41966
31871
2993
15340
34960
48162
4031
49384
34405
13977
1206
33312
9982
8733
17897
43584
184
2441
31865
33425
34407
16658
32482
14943
18305
40080
49268
4765
12939
43372
29485
8429
48826
33140
1207
32194
6596
24381
29482
14093
19940
6023
44818
28894
39579
8577
5093
19820
32758
12942
31159
21419
26847
40287
12582
29200
2506
31334
1204
30859
42738
3728
40217
25991
23991
40246
31543
48071
16390
1772
15861
16497
5361
40852
7102
20061
47545
16016
3990
22656
21572
20451
40716
27562
10283
8105
21997
44402
13540
20497
41423
11109
18745
293
16133
6990
49192
4128
5230
9861
17123
25676
23903
42846
22536
30506
9329
29198
20645
21581
5190
17413
21396
41556
1776
11524
39195
4143
35232
20999
36247
205
5147
23164
42534
9483
26637
11547
35233
33182
42673
43306
27412
32216
8444
39540
42062
57
48399
8487
20146
39177
230
12066
18393
14
45111
20305
6294
39377
28365
409
15387
21261
6342
48198
22702
45663
12381
27567
44683
3799
42230
34204
32838
6328
14618
555
36544
93
16584
3357
429
3156
43025
29279
37550
26983
21523
45134
48595
12887
24116
650
14112
41568
36837
37320
39008
11789
15373
40304
17986
30081
43583
15966
22690
26936
42208
2630
18980
21164
15688
45489
9936
11431
47198
15192
37503
36634
21816
21429
18390
13229
33205
13629
35225
43430
43754
15993
46651
34156
3974
27116
39333
19745
40610
24193
10704
11008
42552
48097
20371
43574
23090
41887
10943
27472
3508
18010
20935
43595
46699
39078
42669
32130
36311
24036
11263
5272
35894
14809
32784
2422
5666
10247
18433
30337
4759
13571
35615
16483
20583
40126
29640
22718
20166
16531
32276
22199
22570
26099
9863
34277
20848
30844
25790
41627
41915
49296
33847
36944
8376
32227
5786
2922
48019
49989
29763
14846
24448
49710
16564
8566
22622
13137
44700
12408
25730
3781
9245
34655
19546
18895
31647
9866
46429
3187
38245
25992
39456
2711
21088
36691
5832
35734
36821
9774
42100
19408
20137
24037
5907
13454
16639
23277
20365
2771
13801
21915
1060
3700
35907
10480
40601
27626
22371
44002
45887
38152
34821
38195
4741
22800
4963
43299
6191
40979
36369
29210
1850
26729
1607
16720
10155
2769
27413
2783
1899
34970
4150
4679
20721
7729
42318
5131
1804
17171
21407
783
31398
22037
16468
7223
48476
46452
12667
39516
25261
26930
2533
42828
36752
3427
48529
7844
8809
970
31006
16273
20446
48224
41013
13268
18338
637
47554
42647
46889
18111
17787
48635
25040
30683
36070
15360
5531
30327
11361
26732
27755
2307
36642
13517
3761
22546
33580
17876
45865
44984
36640
31178
40456
47226
15347
7656
15946
24148
14043
43875
21692
26163
30731
21830
42729
33108
977
31877
41661
35553
1174
35100
15635
43639
18552
5400
35324
28486
3667
17621
28554
7699
28211
10940
46909
15828
26834
18005
6559
37018
38051
34703
19125
41632
19345
52
49836
22209
4834
45012
21098
15969
43704
20169
27682
24355
7697
31782
42612
21162
8393
35908
36319
1231
49327
25919
29923
39310
7674
17515
14389
28454
2539
39565
30782
24585
1049
33917
21101
36027
42978
33174
36736
44104
12284
1840
37123
16679
21151
10048
29407
12878
30252
29749
11532
16120
13857
44431
15181
38898
46202
25592
38104
19198
14286
41457
33047
23642
1268
5887
32879
280
31423
27907
37135
36897
23734
15211
39081
46996
7076
17816
5480
10036
4225
49565
32246
4789
39066
36711
40776
43843
7838
41774
14014
8058
1600
49497
23627
27118
756
46274
3386
32422
25217
21390
30481
5704
25948
10293
4645
42980
36732
2261
26587
39875
15014
10001
8056
21873
43967
32632
7052
49102
6921
31842
19475
14377
39455
48528
30946
36482
42111
17966
9161
26965
7424
44936
584
34536
40245
567
39305
29031
15809
18014
32129
5846
2820
33781
39511
37385
9402
19225
35063
37215
46194
7170
6230
138
41732
8303
4718
13001
44321
47679
40354
32040
2727
17609
8903
30109
13293
2527
31565
27817
47039
5499
28970
37197
42238
48333
13849
13898
36986
32056
9441
9259
20333
43849
29448
136
46074
13649
21693
12474
12409
48347
27209
39261
1387
10322
36489
13948
37379
19331
46610
7096
12556
11520
34309
49514
23350
16890
1225
27757
44833
1130
21310
19670
4891
10258
13242
3520
10121
44488
2918
42321
41754
22446
5031
43164
34394
48802
14643
24377
19174
8910
38107
308
33723
11092
24016
6349
34430
2015
25296
35674
39927
15814
47119
39184
75
26461
5845
2850
39797
39691
32487
44054
30253
34276
47117
12668
2179
3694
17443
24164
49948
14088
12287
45492
45931
4197
41441
4459
40203
9137
23215
27266
10827
48741
17948
30391
34012
12755
30571
20475
33919
11121
38638
28599
48631
15143
41256
38384
21011
37308
2093
22876
41822
39749
4025
6161
23621
42400
27540
23126
21482
41473
24320
15488
45672
30599
23194
29577
8744
6834
7818
4329
47907
30202
2384
7224
11445
32523
20588
47597
39991
4640
14607
22653
22235
19838
39263
17739
33806
30498
29863
28431
9474
17216
271
28342
22985
13860
9912
12462
17738
24661
32690
42585
21027
43657
41455
18873
4410
15116
37272
28814
27151
33612
32613
14005
44344
25928
35850
19402
28891
35576
27807
16921
32077
22833
23834
48966
15149
4483
34923
21185
36028
42273
42638
34829
2258
33087
36580
14260
19434
15440
10383
2270
15031
41389
41206
4737
29480
1975
1413
29836
11226
30174
33932
45187
19603
38169
40837
39234
33958
46542
5811
26449
28161
624
17868
19932
9152
46831
21376
13504
7214
30503
35999
8642
39054
20591
18150
7454
17683
16764
7724
26581
19072
49676
1588
42849
23062
44525
45648
16047
43371
43310
43433
4510
48355
29690
4601
217
32230
25398
8627
37920
15891
20845
25424
25437
21922
43731
25086
4555
27919
1688
42286
1950
16898
28581
26673
38617
24154
26620
16743
5752
32304
20176
18456
22951
26622
30399
29921
13298
12192
24790
878
5521
34750
23348
46378
46229
392
47146
48945
38700
42864
32702
4623
11796
11383
32474
9751
21848
1880
100
47571
26540
20319
46224
17690
18893
42756
20116
10527
5715
16728
28860
47723
34988
40353
24474
33732
23639
46020
39807
7097
38039
3622
1907
9773
17593
36723
29867
20847
24891
388
22057
28985
1234
49104
41507
49773
38714
21837
13373
35799
3845
41989
5284
8746
21782
37448
43806
45120
43266
37311
33891
39610
25179
19697
20959
42819
41873
20416
28956
5375
30384
45734
26890
31023
4190
46033
29009
15866
47488
18537
11769
35236
32971
22464
24119
8212
14952
12258
39767
48744
28012
36874
27680
7314
4962
27926
39142
4875
48830
927
13095
27803
31665
9679
35522
39399
49057
42937
33113
286
42683
47485
23246
47449
9431
46398
49201
49568
47736
15685
10359
15664
3864
1700
48362
42263
35721
17236
16802
34130
29616
90
13927
11773
10731
18432
8895
1677
30892
35892
73
6124
36562
24725
8961
41579
6587
16635
20239
44072
28098
35608
24760
22129
13422
38846
31745
3047
40169
12916
6417
23536
615
15334
8667
40534
5623
25451
23229
15005
16219
13246
25689
37548
31504
9106
32948
47190
17775
20093
44815
42338
30792
36615
48095
6009
19570
18423
446
48460
47812
37704
24570
7970
14627
31613
13118
2229
44865
44958
1959
3428
26932
38466
19348
16130
18060
256
17049
31003
20197
1433
23385
46171
25187
48616
16052
45286
24351
17398
45973
46760
9790
29166
48327
8257
35392
11970
11639
41068
27392
29425
9647
7244
29215
44209
48793
38164
5279
28986
45130
39277
741
33191
32369
35739
41663
26034
49242
16644
10294
16312
35069
25802
37706
44265
1728
46144
34677
12762
42212
38334
21130
43136
22854
9550
21619
19083
21357
15992
29186
4216
49145
40761
16589
20942
45803
48141
40661
3767
22181
18282
42826
27098
14456
3808
47192
32485
21896
21615
14540
8108
8965
44681
46069
39577
9240
9688
9624
711
15383
7749
44789
11257
23315
23408
41309
48194
22245
22987
19136
48082
22145
7185
21484
23807
21189
2069
7057
48965
21724
498
36460
37502
6014
46656
19298
11367
39818
40997
22505
1865
16778
26669
15293
30034
1788
23815
7550
8198
28227
7042
19897
10552
42867
20295
28699
4558
20983
31410
31054
6429
15046
35839
43811
32941
33696
3722
41971
11476
47556
29965
30246
23320
10147
12730
48069
46570
6578
23329
15405
42350
18755
327
45139
18017
31829
28817
13834
47626
2315
46174
48847
11864
11653
33268
35323
47211
22770
48432
20243
18510
17386
541
33230
40621
28795
33107
23406
29285
24452
26951
34054
20990
44706
34998
27064
47206
22191
46580
209
19094
10038
19362
5225
46675
24428
45650
15164
275
20000
21875
12375
45603
2293
33991
25372
25211
45099
11685
46342
33476
29972
24044
3846
13546
15810
48716
39665
33537
19754
3068
7960
27088
14234
3735
16139
25025
48299
24456
22786
45960
23440
13584
16470
22590
32292
41910
15679
40786
20877
40745
11447
28316
1578
49383
39479
11282
28480
1112
2273
43538
15355
35718
31120
48955
3758
33385
42429
20861
28727
35813
25496
27117
5365
30447
20334
43219
47069
16148
43245
1226
29462
39207
38917
45824
38319
43156
44424
20948
39391
34638
23578
14802
36956
48186
17812
12793
5517
33125
24916
12037
30678
43177
38708
26493
45624
47444
42195
24580
33323
32639
30419
13245
5212
27087
14707
30794
12235
28676
6592
15663
11528
2063
44985
44821
12775
7845
31691
46765
2448
7418
26925
30206
30273
44199
25010
49052
13493
27578
15789
5518
19465
46917
47728
28787
35827
43474
17704
26412
39394
29011
11244
32609
13718
24253
41784
32067
17442
21214
37029
16889
35568
21373
45
29489
29956
632
345
38584
11416
40636
41356
1441
18973
29572
24730
16757
10814
12490
32353
26840
44565
21385
4217
33842
26057
35135
39418
4544
42895
5311
34293
4081
37024
25160
13859
37019
20323
42423
25680
36464
41535
20258
30627
13759
48158
35935
46367
40561
40834
15873
7444
15372
30389
25659
1856
39223
48309
30427
40189
21954
7760
25509
33962
24220
34678
39971
26993
28180
16928
12742
1228
20053
38222
24078
5749
48124
48149
39950
10314
33587
10613
6657
3124
44212
14837
1246
16262
38858
41176
24152
37346
8639
4612
13423
45988
28869
13690
19182
43160
18212
16025
46164
41319
19715
45358
4738
37722
12566
9880
26447
39105
34712
22173
33093
14192
12080
33699
14915
3686
5895
7051
18842
6988
46125
29775
22673
30118
10474
35906
24859
9923
9408
1807
5701
5102
33064
8535
27763
41576
35485
14596
30134
25074
38651
5435
493
33660
25734
8696
44151
39917
41733
26006
44991
22490
11284
44448
6643
21267
42694
24182
11926
41400
21924
7561
1528
44365
27646
10030
22785
2408
19803
20434
5993
22422
13710
21092
1370
29197
37212
17418
4166
44996
43113
44905
27214
41533
15176
48325
46450
9272
33022
3655
18753
31128
729
41518
21952
43412
7919
48485
42441
38359
22238
17614
27220
46774
26826
22725
10568
41268
40052
33812
49393
39506
47128
39317
13844
28774
11812
8074
21720
20835
45745
37976
13448
25412
20890
21799
6418
14940
4523
23477
18813
34265
3942
9168
35571
47943
24498
6591
34817
23225
27899
10287
21925
31436
43618
41517
19962
7323
35463
24837
45188
24237
45044
6042
37596
22115
3342
26234
1351
9502
45199
14434
42475
36174
44702
3243
7770
12368
3476
38412
28166
31009
30131
34965
14116
39406
4988
23509
37927
46422
24624
42878
25747
37829
33322
43212
15253
2021
35598
9076
38640
49681
49246
40428
13709
19499
20613
41073
45402
22717
23366
19363
1213
24632
45054
17357
35459
6021
12116
5535
17187
447
4976
13556
2786
17680
8754
30603
20736
3734
17540
8240
34442
46876
48601
176
24811
33567
8409
5121
5857
7037
36278
26810
30607
29000
37824
48216
18167
6140
29827
12247
30353
28637
45293
22534
32136
46078
36977
35737
34126
49353
12302
15943
47374
31166
33653
49725
20946
46209
40193
37808
42759
12070
12391
28228
44701
31947
19708
48250
20307
29027
27311
32299
45511
44803
46627
2147
43902
15389
3834
18102
21304
22856
23050
19773
23767
21077
48160
45611
11716
44558
22556
26324
10309
43785
18535
7600
24222
38891
22723
9640
45027
8200
20065
46436
25085
44177
12867
15802
8969
38506
24721
24149
47684
14366
4495
5856
8629
34499
14420
2785
26859
35970
33309
11260
44173
36620
27850
37656
36724
23919
17263
40516
35972
45771
23967
4092
21605
11713
22774
49253
6195
18638
1394
20444
21690
18589
9953
35442
33369
33745
31506
45822
37580
43366
36006
17871
34308
30900
45726
7082
5953
22434
47525
6841
46745
45409
32654
26646
12454
4948
46441
5784
14205
33469
14939
14424
16955
35744
49864
13208
23391
28285
36641
9047
20109
9588
24832
38064
17210
45641
3651
39136
38992
6437
41175
4935
49688
36119
1710
45896
18677
35585
36679
20578
27946
3031
13590
12646
26842
27113
47541
23152
39622
19179
49734
40811
31308
16214
16459
40306
39887
24545
6949
18544
48288
48003
37319
41528
815
46435
45523
26665
49782
8815
31739
44098
32359
30136
2342
5293
38521
10702
10963
46208
34142
48316
16265
34601
37605
42570
34764
16754
25314
42065
22950
45366
24883
35628
3022
43684
4442
43563
12418
46802
18766
14061
27790
44353
32106
49500
30465
24423
30797
8373
6495
31388
49647
4044
28121
8128
20595
20139
25159
41239
23735
3699
44704
24712
44416
9630
27739
17703
49946
33498
7056
32006
15732
823
8441
21232
20048
21614
13644
40074
17923
40283
20283
21005
25206
40034
45626
29875
47328
23547
1920
10374
7843
41965
21750
4643
41374
11285
30405
25881
44109
31557
17651
3244
13209
12278
43353
39436
30028
45142
44035
2323
22390
4374
24717
14461
17255
33244
35879
14611
44540
22732
4295
24618
11446
25475
7293
49760
28519
19319
426
1305
20640
39371
28505
8546
15841
12472
16498
46588
26764
40185
43882
31443
39618
35007
2949
2597
7080
23280
8676
2267
42716
11967
15121
24407
37429
44929
26539
9958
21240
44711
22019
49410
28315
574
24366
2568
25957
20666
48870
41475
44194
48969
15536
30681
45607
33804
15954
2370
41680
33824
12437
12054
42921
2461
22353
20966
40829
42769
24681
30876
28030
9129
13165
22798
13121
35231
38014
44877
33034
27319
24992
42008
31444
33651
18914
